22
398
751
958
1223
1429
1971
2251
2741
2908
3022
3189
3658
3761
4220
4335
4502
4877
4981
5255
6029
6197
6755
6856
7244
7506
8255
8747
9006
9107
9478
9668
9770
10134
10245
10414
10525
10697
11255
11355
11537
12005
12755
13245
14255
15006
15758
16247
17259
17748
18029
18759
19251
19884
20259
20728
21009
21759
22248
22509
23259
23730
24030
24762
25328
25529
26263
26754
27766
28046
28232
28533
29266
30034
30387
30766
31231
31535
32266
33037
33766
34513
35266
35752
36037
36770
37048
37337
38270
38735
39770
40047
40891
41270
42016
42770
43329
44269
44548
44735
45038
45770
46048
46235
46516
46913
47017
47266
47472
47580
47862
48013
48766
49055
49252
49532
49926
50095
50266
50544
50752
51015
51419
51791
51976
52234
52356
52513
52941
53266
53855
54036
54427
55297
55523
56532
56770
56894
57515
57765
57888
58530
58717
59050
59518
59647
61266
61513
61704
61884
62263
62516
63265
63518
63705
63887
64269
64889
65265
66762
67040
68261
68540
68819
69010
69385
69759
70044
70505
71251
71532
71723
72001
72751
73222
73522
74251
74720
74832
75021
75379
75751
76047
76220
76331
76502
77251
77721
77830
78001
78303
78427
78751
79220
79501
80084
80251
80444
80549
80723
80831
81001
81385
81759
82040
82226
82525
82883
83259
83725
83836
84005
84383
84758
85040
85224
85525
85883
86259
86542
86727
86830
87385
87758
88045
88224
88327
88505
88887
89258
89541
89724
90008
90382
90759
91041
91226
91333
91509
91791
91901
92091
92262
92543
92729
92831
93012
93597
93762
94142
94512
94893
95284
95824
96033
96392
96763
97141
97519
97895
98269
98646
99016
99395
99767
100145
100517
100894
101287
101645
102016
102395
102769
103144
103516
103895
104266
104645
105019
105393
105766
106145
106517
106896
107267
107547
108013
108763
109515
110265
110548
111011
111765
112329
112512
113266
114011
114591
114766
115337
115511
116262
116836
117111
117395
117574
117762
118340
118531
118709
118816
118997
119186
119295
119830
120010
120115
120334
120478
120592
120759
121047
121508
122257
122547
122832
123022
123195
123302
123403
123568
123670
123770
124069
124327
124508
124610
124712
124886
124994
125102
125258
125554
125831
126005
126122
126227
126330
126481
126588
126762
126863
127507
128028
128779
129008
129763
131010
131502
131721
132004
135001
138015
141295
142147
143293
147888
147990
165182